969724062443347969
969725427110432768
969725494026358784
969726179186941953
969726354638888960
969728098588540929
969728297004249088
969728554211536896
969729297660329984
969730219903873024
969730679792529408
969734446105600000
969737085719474176
969737822478336000
969738064615501824
969738093120008192
969738555613356033
969740353216507904
969740585576816640
969740654594031616
969740723632226304
969740761624297472
969740872693694465
969740886585192450
969741011718057984
969741207906603009
969741572655824896
969745657345929216
969746098230149121
969754352213618689
969758621926965248
969762310137954304
969762359437803520
969763116937441280
969763253134880768
969764246950092801
969765810997673984
969769083703980032
969769790372904960
969770109219758080
969771366026129408
969771572297781249
969771593986527235
969771804863508480
969771845376356352
969771888359522304
969772046627385344
969772943575212032
969773662499827715
969776511392739328
969777162122248192
969777234843021312
969777552779657216
969777593640673281
969777685353254912
969777732572790784
969780329375399936
969780683374608384
969781122841247744
969781418313203712
969781691286937600
969781928751611904
969782528780283905
969783716145868800
969784459607158784
969784511113252865
969790873960562696
969792433935368192
969794417455390720
969795030129889280
969795947310989312
969796455828541440
969796789963448320
969797017286266880
969797624181096449
969797649955110912
969801058686939138
969801089372454912
969802166058627073
969802399886921728
969803911799259136
969804964032757760
969805553307234305
969806001191833600
969806186592722944
969806592571928576
969807007380226048
969810748980436992
969811543297744897
969812716444516352
969815031075389441
969819873315405824
969821887546081280
969825439001669632
969825743902466048
969825886957592576
969827937502478336
969828750152974336
969828996358725632
969829194749304832
969829481346080769
969829639903330304
969830370551128064
969830897657655296
969831257285672962
969831332447600640
969831596747456512
969831668558082048
969833067371102208
969835199239344128
969837241752207360
969838108521807873
969839257413074944
969839657088294917
969840280986767360
969840895578161153
969841348571361282
969843105984729088
969843284334977025
969844757408043008
969847261164285953
969847940561948672
969847984631328768
969849541791965184
969849577124765696
969849646762749952
969849861070704641
969849937574772736
969850428048384000
969851434228330496
969851666194288640
969858231831969792
969859084026458112
969859093467836416
969859230906793985
969859318269882368
969859725184520192
969861371906048004
969863621667782656
969870204686626816
969871620146802688
969871915429986304
969872705527824385
969878461832572929
969878515712577538
969881427880767488
969881733347737600
969881819658174464
969882017516044288
969882692882857984
969885488487088128
969885522570063872
969885607877996544
969885728002924545
969886200231112704
969887606103093248
969889576230596608
969890155535323137
969890243095674880
969894602613272576
969894900257890304
969894904204685312
969894944805548032
969895061222641665
969895435396509696
969897120294608896
969897177827823616
969897203933179904
969897466697940993
969898037731516417
969898778873352192
969898943667515392
969900015534555136
969900033532346368
969900169280962561
969900522525245441
969900981453438977
969901000906522629
969901350472437766
969901430659104768
969902101252812802
969905745612324864
969905805385281536
969906435478896640
969906824777424897
969907180970192896
969907627353243648
969909845724811270
969940503012638720
969949065508143106
969950106635059202
970020271808692224
970028915090604034
970032838161477632
970035159733972992
970038242866163713
970040269763526658
970040664367886336
970041815880540160
970044271435833345
970044468593287168
970044919845830657
970046554487713793
970048231290781696
970048614054559744
970048734338797569
970048904954720256
970050201984450560
970052951455686656
970053164643770368
970053199389339648
970053280632983552
970053289499795456
970053366599397376
970053439798431744
970053594874462208
970054451355566080
970054489846640640
970054542178971648
970054570264023040
970054868399345664
970055101682302977
970055429123227648
970055579753304065
970057366111633409
970057619795689472
970057947957964800
970058462678859776
970059357852352512
970059678360072192
970060693025128448
970061204835090432
970061384934350848
970061812442923008
970061834211401728
970062950135312385
970064403939827712
970064483820355584
970065580878254081
970066484411056128
970070554223849472
970070758243237888
970071049617391617
970071392807919616
970077318713458688
970079410001928192
970080515897225216
970082870881497088
970084699572920320
970091020799983616
970093341609156608
970094564605272064
970096341085908992
970098533440237569
970099697355542528
970101886194892800
970103514008399872
970103778807435264
970103849275944961
970103880909340674
970104677483167745
970108994382544900
970111776871235584
970112983912214530
970113295767158784
970113687498383361
970114222410616832
970114536614187008
970115227298615297
970116573359845377
970118247646294016
970120627293118465
970122744233787392
970123390718586880
970123877169840128
970124048087728128
970124316590333952
970124548891815936
970125451501780992
970125988926492673
970126974797594624
970127884688834560
970127910710345728
970129448606474240
970129994268618752
970130456183169025
970130498910474240
970131184523988992
970131589261705218
970131704852574208
970132093756833792
970132884156645376
970133333924458496
970134594895847424
970135055157755904
970135521044254720
970135998129582080
970140289464598528
970140317746778113
970140457370976257
970140985253535746
970141237842821120
970141637769773057
970141716522004480
970141726848385024
970141922076475393
970142390475407360
970142659674177536
970143198864527361
970143727640391680
970144477636542464
970147799135240192
970149521828167680
970149549846253568
970153934454112256
970155606823772161
970155913142136833
970156594267762688
970157141611851776
970157427093057536
970159830051639296
970163337819430912
970163675037224960
970164098045325313
970165265043304448
970166493374590976
970166614803935232
970166791023427584
970167150643093506
970167256981258240
970167271912910849
970167305215750144
970167348240920576
970168076942454784
970168598978117634
970170884248883202
970172254125408257
970173165606326272
970173286318456832
970174968016158721
970175431478398977
970176101795299329
970177689637146630
970177693886029824
970177705101598721
970178291993788416
970178387158319104
970178866487599104
970185193033052162
970185323203371008
970185662027636738
970186807747887105
970187397060182016
970188117415157761
970188768572456962
970188852198453254
970189406706458624
970189425723322368
970189545600765952
970190586538967040
970190600413655048
970191043416096768
970191345326288897
970191352209162242
970191373075755008
970191413437591553
970191426213462017
970191437093416960
970193377982537728
970193865566167042
970194252541014016
970194289547292672
970194343398010880
970195611910791168
970195617757593600
970199130768261120
970200034015723520
970200595205300224
970201264372903936
970202669120856066
970203688949096448
970205609877368833
970206519747751936
970207344863793152
970207358809853952
970207489307295744
970207520466747392
970209827803688962
970212009433182209
970212904350883842
970213150288039936
970213669408681984
970216894434238464
970217253261033472
970219824654688258
970223628359839744
970223821998342144
970224161179107328
970227444887113729
970227630371782656
970230469873709062
970230648441982977
970230760509661184
970231221878865920
970231981932867584
970232522117234689
970233947186745344
970239553712799745
970240269302956038
970247133730189312
970247155804811264
970250859077513218
970253382551199744
970255149657612289
970255490037923840
970256666770907136
970263880814309377
970274793982341120
970277237646811136
970387079875080192
970387946451824640
970396524038385666
970397153561493504
970401250951938048
970403995821813761
970404254010638336
970406514010681345
970406605765275648
970406652024315904
970406748614934528
970409453664137216
970412305992306691
970414927423811584
970415871658139648
970422369478045697
970422801608790016
970423166685265920
970424172483567616
970424425496510464
970425412391133184
970426053742116865
970426650742611968
970426814827937792
970431248286990336
970433853683679232
970435674879836160
970441496821297152
970443681944633345
970445075661561856
970453432816381957
970456366144929793
970458885386469376
970460965195071488
970466422081011712
970466939553247232
970468223828152320
970468586815864832
970470767266693120
970474298472214528
970477951513870336
970480213594292225
970480479521533952
970482287891513344
970484117392388096
970484155099201536
970484163773005824
970484386595454976
970485298642604033
970486500398739456
970486666111500288
970487076075454464
970487109407551491
970487897076854784
970491204851744768
970492104886464513
970493256118104064
970494056554876928
970495064915849216
970504631569674240
970506676594819073
970507023187034112
970510308744708096
970517562294353920
970518291667042304
970518902122991617
970524173008175104
970530200768278528
970530414325452800
970531190208778240
970534089701834752
970534292748083200
970537741015400449
970537770501353472
970537810800230400
970538707290808320
970539166613217280
970539860787281920
970540095282454528
970543399173439489
970544299132690432
970546202818129921
970550275080515585
970550941576409090
970552542856863744
970553594817597440
970553842134802433
970554081000304641
970555795531186177
970557320827625472
970557821040250881
970558361878982656
970559245992144896
970559427584512000
970562340306350081
970563170443051009
970563566381105152
970564085963083776
970564145950027776
970564615431049216
970565120588890113
970565363900456960
970565367478267904
970565487317852160
970566758900801536
970566811832823811
970566841532755968
970567428311744513
970567873910341632
970568046904360961
970568820162158592
970570478346645504
970570601956954115
970570737059688450
970572333495681024
970573549973880832
970574102367895554
970574637045243905
970575042554748928
970575421312983040
970577368346607616
970578518856802305
970581156461621248
970581234882560000
970581875428286465
970582101228703749
970583519096287232
970584189354430464
970584831754043393
970585799673573377
970585921501331456
970585921182621696
970586070558494721
970586247939817472
970586654078484480
970586738216255495
970586822836346880
970587023152005120
970587349502447616
970587393924333570
970587508688920576
970588301089431553
970589530561568768
970589804537589760
970590672481804288
970592077217067009
970592439412011008
970592463722131457
970592566402887680
970592580747509762
970593246177984512
970593297247776768
970593333528510465
970593564169158656
970594255398879232
970594392598720512
970594514975956992
970594726595276800
970594820736495616
970595077235007488
970595092640624640
970595449680744448
970595558476795904
970595769941020673
970596115782356992
970596174401908741
970596358343163904
970596404656820225
970596415935098880
970596752796495872
970596788972371968
970596815270682624
970596848787275778
970596910531731456
970597023966625792
970597138970234881
970597159564296192
970597193777213442
970597328657645568
970597503614644224
970597520962285568
970597601576763393
970597715548684288
970597761950220288
970597775510401027
970597813330432000
970598157871595521
970599021193523201
970599225309347841
970599509251145728
970599594160635904
970599720056897538
970600071468216322
970600086190174208
970600106490716165
970600176053137408
970600276825550850
970600297117622274
970600322035990529
970600437152755712
970602142355439617
970602173657591811
970602190178959360
970602222735081472
970602327869542400
970602383540539392
970602485420236800
970602522774683648
970602543968534529
970602911863513089
970603094646992897
970603211336777728
970603809218052096
970603920149004288
970604245413126144
970605201303355397
970606249552224258
970606283018575872
970606731318280193
970606790831357953
970606865611603968
970606895781199872
970606992535437312
970607147254870016
970607256763953153
970607796151468032
970610712383954944
970610770982592512
970611297023705088
970614841055395841
970614932076023808
970615004192899072
970618190148419585
970618752180957184
970618818954276867
970620707670392833
970620711474614273
970620791040614400
970621734255669249
970622349958463489
970624994874032128
970626326930505728
970633025913438215
970638744637251584
970638946630754305
970639056336953344
970640076882366464
970649944951418881
970651047751380992
970659096436158464
970659163490607105
970699959501651968
970716420194516992
970716568727404544
970716965256904706
970719228096425984
970719621396353025
970736372494483456
970745471323881472
970747229509058560
970750621551771648
970751185744474113
970751351637475328
970752581898190848
970754560309391360
970755434020663296
970760860015632384
970762351300378625
970764928318521344
970769834253234176
970771503796035584
970773183480545280
970774238687735808
970774293364666368
970774789806686208
970779206933102592
970779284104073216
970780047651975168
970780763372314626
970782296243519489
970782403630309383
970782405870043136
970783215257509888
970787392717185024
970788528463298560
970789466796318720
970792265273696256
970794568164696064
970797761359527936
970799355165732864
970800076997083137
970800846676963329
970801550703542272
970806218863161344
970808135970562048
970810326395502592
970814775893442560
970814796479254531
970819431965384705
970819618074894336
970821374502555648
970821452403322880
970821496393293824
970823498775048193
970823771740426241
970825148575113217
970825155080581122
970826115441971201
970826361152548864
970826460138160128
970827262370066432
970828093307916290
970828644057743362
970829897730936832
970830220877008896
970830225687838721
970830237557600257
970830326720167936
970830579938639872
970831729245093888
970834253637283840
970834296574435328
970834916555591680
970834923929198592
970837513454501889
970838346447466497
970838872878858241
970839409993003008
970842959347302400
970843235244478464
970843244945985536
970843651222921216
970848482733867008
970852663893016576
970852683828543490
970854132574650368
970856232280997888
970857873973567489
970857943888375808
970858127015882754
970858544135221248
970858812935557129
970863751074267136
970872021126078467
970873064798928896
970875995937845248
970876432279728128
970877554365153280
970877996964855808
970878965874241536
970880537790267392
970880899691642880
970881132991471616
970881607899885569
970884388962549761
970884621457022977
970885102128386048
970886100985114624
970886844983402496
970889466561703936
970889501642911744
970889536472403968
970889842203570176
970890034139226112
970890203169619968
970890688400310274
970891385938239490
970893486147842048
970894061207875584
970894339701264384
970895272975810560
970895552803041280
970896735387009029
970897212208070656
970897282626240512
970897561220296706
970897644548599809
970897937109626881
970898658144092160
970898666188767232
970898685079863297
970898694764601344
970899097057050626
970899335067021313
970900194693849088
970900307944259584
970900464563716097
970900568058163201
970901767620722688
970903103665987584
970903717577818112
970904004791185408
970905842466762752
970907701336096768
970908238261534720
970908348278177792
970908807768391680
970909506291998721
970910420297920512
970913261368492037
970916398984675328
970919948473196544
970921503897235456
970922069784371200
970922535280721920
970922699705864192
970925257702875136
970926156936392705
970928844675858432
970928898497175553
970930277550669830
970930913126252544
970934324542373888
970934658274795520
970935089122091009
970936331525267457
970937858864308224
970938829015203841
970938851257536517
970941117729456129
970945009670213633
970945021951197185
970945036392124417
970947515959750656
970948406255353856
970950075307339776
970950210678489088
970950524521529344
970952179325353985
970952705165344768
970959790221348864
970961772319457280
970962452673314816
970962558743138304
970962566716542976
970965627220377601
970965748347691008
970966125583347713
970967202823266305
970969551654604800
970969562379321345
970972448475639808
970972665715372032
970973063897497600
970976072895365120
970976120706347008
970976129350807552
970979588439392257
970984106480648192
970988610177581056
970988966156513280
970989389911175168
970989984369946624
970990489766838277
970990725826400256
970991918455771136
970992233196343301
970992528211103744
970999032347705344
970999149586870272
971018062714437634
971027634913234945
971103984537632768
971103989600198657
971105686720430082
971106315987636224
971107530234462208
971108028408725504
971109284430823424
971119655564730368
971120956507738112
971121421211467776
971121453939568640
971123630246522881
971129612938833920
971131951741419520
971134407888199680
971135781560500224
971135969259696128
971140603856617472
971140867518971905
971142331314274304
971147082223374336
971147550148276224
971147905154170880
971148142883127296
971148511163985920
971149614433751040
971150141133475840
971150940127428608
971151392327876609
971152287669239808
971152654675034112
971152887375060993
971154117824430080
971154489456472064
971154752066039809
971155354338803712
971156263689101314
971156337374588928
971156861268328448
971158805428908032
971160292339036160
971160471406444544
971162436790247424
971165331954675712
971165406172889088
971166514274451456
971166548617445376
971167405849260032
971168082189152256
971169172456554497
971170199989731328
971170633194205184
971171108127834112
971171247554899969
971172560992784384
971174629162106881
971175046415663105
971175692141436928
971177109589671939
971177763213262848
971178306178637825
971181883647148033
971183089761189888
971183113647800320
971183217083584512
971183744206782464
971183757662146560
971184149800263681
971184425068257281
971184511282130945
971184549261541377
971184566034604032
971184790010347520
971185625331245056
971185720365801472
971186137795448832
971186453349785600
971186602847252480
971186692198551554
971186821894782976
971186984830910464
971186994389766144
971188324906844160
971189288871256064
971189391472214018
971189981585719297
971190043795574784
971190529886101506
971190941452128256
971191793189400576
971192902759034881
971193023852761088
971193116827856896
971193808414113792
971195045469548544
971202156958138368
971202448118374400
971202598236647424
971203070880174080
971203217081090048
971203240950874112
971203509717696513
971203971229499393
971203985578254336
971204210317344773
971204217435176960
971204797259902976
971205106124206080
971205430142672901
971206131224727552
971206183057895424
971206331892867072
971208206478278656
971208778543611904
971208978418970624
971209993813815296
971210032913108992
971210175041306624
971210236823392256
971210258092761088
971211110480162816
971211121414742016
971211159612395520
971211471462912000
971211863747739648
971212717024514048
971213526634176512
971213654245847040
971214302504890369
971215125934821377
971215313374195715
971219745692311552
971220354973679616
971220493721247744
971221647679082496
971226544218804224
971226568298237953
971226690771861504
971226954929238016
971227049284141056
971228153296424960
971229217160654849
971232618753789953
971232664664596480
971232679059492867
971233274621235201
971235349166022656
971235395731165190
971237793220481025
971239852934037505
971240165275512833
971240321106489344
971242271042625539
971242909604417537
971243748607787008
971244621648064512
971249150871457792
971249234405150723
971249490127675394
971250126126829570
971251124811509761
971252546865115137
971252632139509765
971252716570923008
971256335064010754
971257201166872577
971258504710324225
971260433654013957
971260652189777921
971261255410487298
971264380104036353
971265211138301957
971265875071373312
971268832571674624
971268857422929926
971268881078734848
971269063329636352
971271633871785984
971272459553996800
971274401172938755
971274977268858880
971276659990069250
971278049097502720
971281813422399488
971283827128782848
971284688517189633
971285169603776512
971285226973548544
971285977271603200
971286425915265025
971286851867856896
971286934613094403
971287100569112576
971287107300978690
971287276490838016
971287502932897792
971287653944627205
971288995354284033
971295042840260608
971297024711839745
971299943695704065
971304687117971456
971305262333267968
971305277516582912
971307186952527872
971308432560214016
971308562596147200
971309105620103168
971309212004429825
971313548466049024
971313934916636674
971315446023680002
971317226170183682
971318052817199105
971324958457716737
971325668884647936
971325788745322496
971325838770757632
971325996292083712
971326779062448129
971326786566008834
971328285811515392
971329699291869184
971329724264759296
971330354882596864
971332047816998912
971332926548819968
971333685394853888
971335368271314944
971337170517544962
971337470909403136
971337641034596352
971338064680206337
971338828664328192
971339781488586752
971339808961253376
971339879509446656
971340618310938628
971341731353436160
971343555204497409
971346432954318849
971347604922445824
971348790790701056
971350723425284097
971355052345409537
971355133257728025
971355559797473281
971359854852886529
971360871640309760
971362803494744064
971363144097345537
971364173773811712
971378531123920896
971450728530112513
971457584900157440
971458479603908608
971459065153900544
971467106217639938
971471614339555328
971471637794013185
971477188821200896
971477332857831424
971480131754586112
971480481559543808
971481283183259648
971481482421153793
971482519815127040
971483018895355904
971483449927262208
971483517438763008
971485628842917888
971485755506810880
971489721825161216
971494119540338688
971495548594241536
971496413174444032
971496863034523648
971498170545881088
971498181061050368
971498314142068736
971501845964189696
971502438996783104
971504817070686208
971505074978476032
971505893824081920
971506403671027713
971506589050875904
971507306046173184
971508991606996992
971509893373952000
971513022391885827
971515406459355136
971516486073294848
971517002694012928
971519227369631744
971519262899634176
971519351013572608
971521497993961473
971522511371304960
971522802045009921
971522808177090560
971522933771329536
971523589361905664
971525041786519552
971525750451978240
971525873366020096
971526236773146629
971527142335905792
971531511953375232
971532164352196610
971532876679278592
971533376040484864
971533742215872512
971534421361811456
971534706561884160
971535356523724800
971535583829934080
971535764793131008
971535806971052033
971535846074494977
971535944980471809
971536751104745473
971536956311199748
971538784817881088
971539428702240768
971540251364610048
971540756954365952
971540821106311168
971541188648960000
971541297822547969
971543110911123456
971543788282830848
971544891355377664
971544933898248192
971545002768609280
971546059297013760
971546518510436353
971546832407949314
971548084445487104
971548980956995584
971549035847811072
971550614311157761
971553103358050304
971557413676498944
971560899948331008
971561766781050880
971562747170205696
971564645021491200
971564812600721408
971567057954205696
971567198576656384
971568584597164033
971568675021996032
971568674338304000
971569630182391808
971571202727620608
971571419992633344
971571872461504519
971573820262727680
971573907865022465
971574117131370496
971574192918347776
971574229505159174
971574394882424833
971574583219314688
971574984618340353
971575979565989888
971576458303889408
971578724700188672
971579410825453568
971580175132409856
971580349804261376
971580378690420736
971580604343971840
971581463069057026
971581508577239040
971581568337657857
971581674013126659
971581930368937984
971582243779956746
971582301401268224
971583087246131200
971583820905369600
971584510771920899
971584634478772225
971585517325139969
971585832028069888
971586089466003457
971588093521244160
971590477827907585
971591594250924032
971591816939061249
971591983138455555
971592064352702464
971593143194869760
971596325149028352
971597397213159424
971598029269565440
971598079777325056
971598865609584641
971600543272464384
971603002158018560
971603618909454336
971606727912128512
971612074613751809
971612561920606208
971613653962125312
971613961895362560
971613984271974400
971614408425144320
971614477090082816
971615676723970049
971616958146789376
971620804663193600
971621183194976257
971621902891433985
971622790527827968
971623355802464257
971623427822927872
971624391342620672
971625410151657472
971625601487351808
971628217395113984
971628639744765957
971629570007838720
971629598348750848
971629683014975488
971631054082555904
971631565196353536
971632059562188800
971632684345602048
971634071926276096
971634361094234112
971635427873452032
971636147737645056
971636310497636353
971636566505369601
971636945104224256
971641187634262017
971642498857680897
971643568052842496
971645952518799360
971649649734926336
971649736393465856
971651754508001280
971651860900675585
971651928038940672
971652079965020161
971652356952723457
971653093292097536
971653155149795328
971654579958894592
971655099536703488
971655609580863488
971655936870834176
971657748042559488
971657836211052545
971658811738959872
971660535929303040
971660665873096704
971660700073345024
971662399278235648
971663304346120193
971663774573735937
971665468858671104
971666140068954113
971666295673491458
971666555514712065
971667114418319360
971667728254693376
971667936640290816
971669185993482240
971669743072509952
971669743366152192
971670306006839296
971672218051555328
971672425900400640
971673232297181184
971674179333373952
971675699537887232
971675831624847360
971682326345232384
971683030187167744
971684045779222528
971689493420888065
971689523280101376
971690267626455041
971690771811254272
971691078544801797
971691107003203584
971691187286425600
971691420007329792
971693116959834112
971693269363998721
971693396350742528
971694168358641665
971695924266246144
971696983734853632
971697767994150912
971700650013728768
971700686105624576
971701025500422144
971701989393354752
971703218324434944
971704831428579334
971708578036776960
971708678448427008
971712576252870656
971716021286445056
971716634317488128
971717569508917248
971717774014783489
971719952796299266
971721204804476928
971721315760484353
971731159800455168
971733879185747968
971735121165410304
971736673141731328
971738741411688449
971745297394122752
971745355174887425
971753759188529159
971754201616285697
971809502168166400
971812701478338560
971812792377393152
971816876568276992
971816952481046528
971819463908540416
971820578469437440
971830372567728129
971830870247063552
971831002451464192
971831149621215233
971833307070545920
971835790366990336
971836071427301376
971836186183417856
971837898726162435
971840000437362689
971842407112167425
971843841320894465
971847267400347649
971847302750003200
971848084907937792
971849406214389761
971849888496467968
971850104868089858
971850899881541632
971850976578514944
971854544949792768
971855354861568000
971856556852588544
971858051937353728
971858095986040832
971858221219528704
971869062077628416
971870431152979968
971870974483185664
971871653171945472
971878509659344896
971881147633319936
971891139971244034
971892490692259840
971892540248023040
971893892571316224
971894459615997953
971895265123753984
971895412423454720
971895627394109440
971896961811955714
971897277693378560
971901848557838336
971902407834705921
971906294717202432
971906695659073537
971907402663526400
971907554228895745
971908116156637184
971908893818286082
971913616323571712
971914536423837696
971914557328277504
971914615662592000
971914986531446784
971915987296575488
971916145241481216
971917048195424257
971917518217494528
971919602778173440
971919923034247173
971920958981206016
971921208462663680
971922163987968000
971922206530813952
971922446294040576
971923057014013952
971923404092682241
971924612488470528
971930946822799360
971931144508747777
971933810584559616
971935054896152576
971935837922340864
971944470810804225
971945958127751168
971949675472302080
971949866845839360
971950613469700097
971953516968226820
971956863611805696
971959281497944065
971960793326485504
971963270797012993
971964867111305216
971965316082225153
971965644747956224
971966294575624192
971967640653545472
971967901962928129
971970781306535936
971970909450858497
971972330090987520
971974945285726208
971976302851850241
971977050675331072
971985858000691200
971987023744573441
971991213829079042
971992782477803529
971993987262267393
971994147987980290
971997672344240129
971999378805112832
972000162586357766
972000935466606596
972001034422796288
972001179956740096
972004920365793280
972006474095386626
972006483184386048
972006681897938944
972007302864621569
972010043389300736
972011711103254528
972012477192880128
972014417335341056
972015166404444160
972017475112992769
972019501909725184
972021164053692416
972028344366542848
972028431037681664
972029676997591042
972032224835940353
972032519561535489
972033944504823811
972034828769017856
972035446615130112
972036618239406081
972039311079063553
972040715344666625
972041103779160064
972041508789542913
972043104151789568
972043324377858050
972046997724123137
972049702223937536
972051196016906241
972053702876979201
972053789711597573
972054151642279937
972054750408589312
972055823651258368
972059638051962880
972059657874194433
972059785351741441
972059832256577536
972059918223077376
972060662204518400
972063678215237632
972064774543491072
972064804427915264
972064856827338753
972064905359601667
972064943284473856
972064998359838720
972065035009736705
972065079603507200
972065148901838849
972067766285955072
972068754220761088
972069198829535233
972076629085208576
972078910459453442
972078970979065856
972079219764207616
972079698569175045
972083979632308224
972084455669026817
972085202695610369
972085723577794561
972085856759459841
972086001731387393
972091956615507968
972092286975729664
972099994902659072
972104165827604482
972105189455900672
972106432584695808
972107214453288960
972109978889695233
972165941088862208
972196128941793280
972197354492211200
972197923382444032
972198784582037505
972199509773058048
972200961094516736
972202051051507712
972202161768603648
972213678312275968
972221515771953152
972223748060282880
972226253297037312
972226841149714432
972227246705422336
972227735593500672
972228646415945728
972229727527223296
972230918785007616
972232944084402178
972233487431290880
972233819347562497
972233863261970432
972233863639412736
972233928521146368
972233955339485184
972234303730991104
972238047575068672
972240386809724928
972242971809652736
972245758219964416
972250279067336705
972257057901486080
972257090449195008
972257182350688257
972257305658982400
972258287340085253
972258295124602881
972258628714430465
972259215036235777
972265120641433600
972266067161620481
972266999345643520
972267739992788992
972267762042064896
972267987326590976
972268004921589760
972268414013120512
972274262928011264
972275029403578369
972275316331757568
972275500528750593
972278689298661376
972278931494641665
972280379062145024
972280528954040321
972280684453744641
972281680638623744
972281726482358272
972283263904505856
972283362097287168
972283537658277888
972283685742329856
972283809445027840
972285151861354496
972286272336101378
972286324290940928
972289699862560768
972290480808509440
972290509401079808
972290788804591618
972291253936185344
972292198665355264
972292913144020992
972293508793946112
972293938265518080
972294804158652417
972295650862772224
972296497860497409
972297076766785536
972298586695262208
972298637001633792
972298773064896512
972300390556360704
972301377492762624
972301744704184322
972302214822690816
972303674000138240
972303819152416768
972306010231615488
972306086115000321
972306166448504833
972307130446331905
972310881705996290
972311078301417472
972311769698877440
972312010984603648
972312285396922371
972312310617333760
972312608282787840
972312797177561088
972313169459757056
972313209578258432
972314045423300608
972315089394126848
972315661375488000
972317599752077313
972318396980195328
972320347797123074
972321736464068608
972321904265641984
972322468198141953
972322646225428480
972323436386070528
972325114262925313
972325228205432832
972325451581423616
972325636588036096
972327040761217024
972327547898798080
972329124512415744
972329276404989952
972330885205835776
972330913580294144
972331353860579328
972331820359458816
972332779898773506
972333612786860033
972333797868945409
972333797491425282
972334016018837504
972334117609119744
972334289000873987
972334394332491776
972334452801126400
972334914568798208
972335430199754753
972335443801882625
972335964432474112
972336180875284481
972336261494009856
972336298970107905
972337494380310528
972339031106191360
972341600343932928
972343371955027968
972346129076518912
972347157989617665
972347624639496192
972348129906368513
972348804455215105
972348988543221760
972350545598889984
972351960266375168
972352766503895040
972353628513042434
972358059497410562
972359005308796928
972363106536976386
972366595619094529
972366629832048641
972368702728421377
972369479647739905
972372022268346368
972372126371004416
972372160873287682
972372176895528960
972372204246544386
972375986346995713
972378202587852800
972378937681526784
972379060213989376
972380699582844929
972380753513230342
972383396402905088
972383477340385281
972383552372264960
972383592360820736
972384449877884929
972385185554612224
972385477591379968
972385604624203776
972386051858710528
972386900659982337
972388148998168577
972388666659098624
972388769851621376
972389318932152320
972391183564468224
972392380115566593
972393257912053760
972393746766610433
972395138109485056
972396289357897729
972397776993640448
972397924201082882
972399811159769090
972400285103538176
972400307454881792
972400583708762115
972400667867332608
972400718861631488
972401233829928961
972401895150051334
972402329788989441
972404290802221056
972405000138706944
972407201946943490
972409120199356416
972409223391862785
972409552158187521
972410557369233408
972411765412708353
972412917193691136
972413299605217280
972413305686933506
972413378495852544
972413502940852224
972414256715984896
972415606287826945
972415670125191169
972416852512030720
972417720917479424
972417784012464128
972418071087362048
972419181944565761
972419330255175682
972421282481422336
972422421700464640
972422455540117505
972427674546089985
972430806881771522
972432042406289408
972432482548170752
972432663075201025
972433340400779267
972433349951107077
972434009157332993
972439628903952384
972441025804353536
972442577566773248
972448077880545280
972450908574441473
972453718065954816
972458733543481345
972463225819119619
972463531554619392
972478725219495938
972513342978863104
972551725537116160
972553752098914304
972572158646824960
972573269906702336
972575849147805696
972575934652891136
972575971663425536
972579923226341378
972579971263750144
972582656121569280
972594401095462912
972594476936908800
972597524107116544
972602589714894848
972602820577775617
972602927738011648
972603893019389953
972605602600927232
972605737326198784
972606191049220096
972608581517197317
972610960476184576
972611423011352576
972611457949945857
972611788247154688
972612071736004608
972613982103134208
972615069593829376
972622234501001216
972629242176446464
972629279077908480
972629398162567168
972629607974289409
972629618128691200
972629697715519488
972631135824969728
972633230040907776
972635223279026176
972635726574624768
972636212308537344
972637128059379712
972637448936108032
972637842814849025
972638224492371968
972638786008989696
972640621218316288
972641832311054338
972642115443290112
972642204605759488
972642210893127680
972642541890805761
972642578381209600
972642655594201089
972642770966913024
972644905771180032
972651030033743873
972652614365069312
972657560565161984
972658492413689856
972661134296674304
972661313015922689
972661379608985600
972661445497204737
972663037923504128
972663158572703744
972663195310505985
972663219717222400
972663401750016006
972665061058666497
972666365902376963
972666504721281024
972667154884583426
972668801643839489
972669119735635968
972670285080965120
972670430258503680
972671820972269569
972672456572850176
972673854043664387
972674195212546048
972678094778781698
972679644448083968
972679744801030145
972679809426866177
972681654211784704
972681849477545984
972682802494713856
972682944912355328
972684148707008517
972687840831090689
972689824095154178
972691186833014784
972693166460555264
972693249457496064
972694198154481665
972700588713525254
972702055654567938
972702358772752385
972702441757011968
972702460149039104
972702498115919872
972703097351884800
972703333419966464
972704264924483585
972705674642640901
972707062101696513
972707525303742465
972707969291841536
972708795267784704
972709329290711040
972711271282823168
972712288116289536
972713101207379969
972714462724595712
972716533012049920
972716892480708608
972717949411733504
972718618550022144
972719662537498624
972721431090900992
972722407390588929
972723099446620160
972723284172185600
972724207933992960
972725290118950918
972725362407845889
972725676745752576
972727140952264705
972727702946906113
972728471599251457
972728521184329728
972730427692670982
972730614125244417
972730637697277952
972732453164015616
972732968715223040
972734425950650368
972735460643491841
972735758443278338
972735790903017472
972735853834379264
972735907563323392
972736182055419904
972736186987954176
972736338784018432
972736577330794496
972736717294678021
972736879249403904
972737036401561600
972737755292643328
972738183719895040
972738886018383874
972739259776905216
972739616754229248
972740319258165250
972741158089584640
972743201705508864
972744215531671554
972744657665908736
972751240026189827
972759145286836224
972759680199008256
972759760155033600
972760425984016385
972761548643909632
972762153869492225
972764854493704192
972765243985215489
972765404236890112
972765907691778049
972766523134636033
972767164154331136
972769134751531008
972770137047687168
972771480571297793
972771772624920577
972774807946211329
972776404990418944
972778098105044992
972778473268813824
972778676256296960
972778860239470595
972779501867253760
972781968789155840
972782573393858561
972788851306504192
972790992112820230
972791763478851584
972792235916840960
972792349024698368
972801968610598912
972804940744704004
972807568715276288
972808557908279296
972808957109534721
972809293568163841
972811375889203200
972828969459318784
972829039021862912
972829416051978240
972829921515982849
972832365226553350
972840368243814400
972898118353080321
972898156768722945
972898207087837184
972898524349153280
972898608117723137
972899600225918976
972899918703607808
972900121468837888
972900149415444480
972900218810200064
972900519311155200
972900574193577984
972900869363527680
972920831905972224
972929412206231553
972932361624068096
972943439741399040
972945523954016256
972945681571766273
972945708536946688
972946011919273985
972946130743869440
972946241112891393
972946301754138624
972947311708917761
972947358517403648
972947438427283456
972947898857013248
972947957719842817
972948107980763136
972950280672239616
972950387962580994
972950785645408256
972951298503929857
972952484518903808
972952511274299392
972952646611976192
972957162296164352
972957571857305600
972957626249048064
972959220675915776
972960125169225731
972962790272000000
972962901039312896
972966802572509186
972967785029550080
972967839991660544
972968118338256896
972969541729792000
972970023638654977
972974894299230210
972975460341628928
972975692215336960
972976784583962624
972978866376470533
972980250677149697
972980275608088576
972981531290431488
972982227922386944
972983212006764544
972983303698460672
972985116296298497
972986168726896640
972987305538367488
972988015218839552
972988653562507264
972992073379934208
972993629651267584
972994888315781120
972995196391636993
972997526503608321
972997593302106112
972997618379796480
972997772373770240
972999260810526721
973000564932935682
973001212374130688
973002315346034688
973002674613379072
973002879643435008
973002915034968064
973003015656386565
973003065308540928
973003455458566144
973004154892251136
973005775646765056
973006081407434753
973006772297375745
973006962500628481
973009026819620864
973009266670936064
973009610578608128
973010754432524288
973013931391266821
973013953339994112
973014640929091584
973014644792082433
973016982701326339
973017763403874306
973018035047972864
973018107512893440
973018308231405568
973019023892873216
973019580493791233
973019760748240896
973021024823386113
973021307817218049
973023331254333440
973025678315601920
973031427250962432
973032935799406593
973033130918490112
973033818255892481
973035384568344576
973036957545611264
973037102467174400
973037322684936192
973037463483510785
973037535071944704
973037674738024449
973038340785111040
973039344159113217
973039666659172352
973039728172740608
973039777430695936
973040549337866241
973040618069880832
973040645764915205
973040725653839872
973044267357646848
973044677937999872
973047020880519168
973047088215764992
973049947451895808
973050178885230592
973050329674625024
973052714111393792
973052732947955713
973052979161874432
973052988703977472
973056755855867905
973057696537624577
973058814252433408
973060278878261250
973061860009197568
973061960718696448
973061993052581888
973062306807537664
973062367620743168
973065432834891776
973065659515990016
973065684266528768
973065707649875968
973067313707606016
973073172567175168
973078626043289600
973080856473493504
973087095089590273
973087830283972609
973088022756442112
973088649083461632
973091104068218880
973093180001239040
973093301208334336
973095074484469760
973095227429830656
973098905868128256
973098944405291010
973099696020324352
973100709217419264
973103786100121600
973104211922632704
973104299390615552
973104391937904640
973104496510291969
973104918801276928
973106400648810496
973107198837444608
973109437022986240
973113567477088257
973115403374178304
973115962877607937
973118292557643781
973120599768760320
973120671340314626
973121342756175877
973121355842437122
973121504626982912
973121840137699330
973126285680521216
973129120472158213
973130252271497216
973130622087544838
973131364923949059
973131503122071553
973133341858779136
973133540626804736
973134187266957313
973134544323846144
973134577223921664
973134772795928576
973134996654276608
973135226028179456
973135976145956864
973137115541225473
973137180204740609
973139348315979776
973139829746679808
973140397965828096
973142933451915264
973144147216318464
973145715110174721
973147357280747521
973147360955047936
973147439472427009
973149213079973890
973149441535258624
973151875548643329
973161688496132096
973162112733167616
973162178969612288
973162278718550016
973162750749818880
973163100441423872
973164438764351489
973166742884134913
973167185391579138
973167506775879680
973168697190723584
973174229007941632
973178040099381248
973178087495032832
973178231443529728
973178548956680195
973178557601116160
973178703965446145
973179396713410561
973195331046273024
973195705010470917
973256666903805953
973263377697931266
973271196048408576
973272587286401024
973281186385506305
973281270586208256
973290251304054784
973290588387688448
973291708606693376
973293177292468224
973294948643610624
973295148879630341
973295835051012096
973296055889551360
973296361838821377
973296455317245952
973297180822745088
973297223449559040
973297301404839937
973297311492157440
973304716393299968
973304823612293120
973309428995772416
973309447509430273
973309720059457536
973310785542762496
973310919815000066
973311006473519104
973311352767787008
973311640086065152
973311779240423424
973312044098179072
973312055754108928
973312215464857601
973312305067737088
973313090266701824
973313485164593152
973314600765566976
973315885531189248
973317400836784128
973317621192966144
973317757684006912
973317810754543616
973318002505433088
973318028648579072
973318168029446144
973318223054520325
973318625275756545
973318735304867840
973318863197691904
973320224584773632
973320297175695361
973320769399791616
973321432355631104
973322227213991936
973322301906169856
973322307774001153
973322539551240192
973322613664636929
973324964337147904
973325709266501632
973326189556150272
973326534898434049
973326563998515200
973326692583333889
973326917121204224
973326928730931200
973327305564024832
973327753809338368
973328346820984832
973328640837533697
973328769426407425
973329231290630147
973330565175717888
973330801910689792
973330882466521089
973331789778309120
973333137278124033
973335631790194688
973336790907084800
973339730346614785
973346347498663936
973346395867439104
973346854074068992
973349001880780802
973351665880350720
973357607502180352
973357705116073985
973358648821821441
973364940672135169
973365544970670081
973366593014018048
973368031375015941
973368198937550848
973369796283650049
973370006879715328
973370194499272705
973370251264995329
973371081275842560
973379519393378304
973384368881152000
973384478608338944
973385991527346177
973386676583112704
973386709109948417
973386728630202369
973387282605514752
973389314204692480
973389728614502400
973390813387358208
973395359337611264
973395771964907520
973396074013446144
973396670045040640
973396688474787840
973397463397629953
973401302364389377
973402251464122368
973402282652872705
973403054518059008
973403656711061505
973403771165274112
973405157793849344
973405576980918273
973405835572346880
973406449408724992
973406759242031104
973407752658698241
973407835982725120
973408738261413888
973408820306169856
973408870088417280
973410221304397825
973411342840250368
973411522071293952
973411677499617281
973412373162639360
973412856958889986
973415860034351104
973417000755118080
973417128656232448
973417493795500032
973418132734861312
973418262355587073
973418306383200256
973418469709430786
973418576433487872
973418620645646336
973419594785243136
973420535731269632
973420611874693120
973421734484307968
973423356061016064
973423448910217216
973423814288658433
973425355896664064
973426815422234624
973428860552298496
973430241329737729
973433051790196736
973436571138498560
973439574092296192
973439670414589952
973440753539072000
973440885605130240
973441010830262272
973443119046787072
973444032478064640
973445028562460673
973445528590606336
973446057081364480
973446317522305025
973447545862041600
973453929181675521
973454030851616769
973454108995694592
973455501294895104
973456682121482241
973457613781221376
973458053260492801
973458573035372547
973458922173382657
973461157867675649
973461382145327104
973461449249996800
973461646210318337
973462084141727744
973462090873585664
973462232246841344
973462329672187905
973462565564047361
973463125503623168
973463803370205184
973464021746597888
973464542746308608
973465280931246080
973474620358578176
973476257617850368
973476852416180224
973477777054707712
973477885301243904
973479204565090309
973479971233587200
973482331880112128
973482569126658049
973483183491567616
973485138557353984
973488135244955648
973489131262111745
973490178739154944
973491355832926209
973492565809946624
973493122159190016
973493273401552897
973493312396013568
973493521901527041
973493646979837952
973497123978149888
973497384989700096
973497547258916864
973497908891828224
973498887435575297
973499812627718144
973499848438595585
973500193634009088
973500342888312837
973500481191342080
973500788797353984
973500884461043713
973501135037218817
973502354912718849
973503867441704960
973504241657552897
973505178899853313
973505603317350400
973506129916383233
973514578301566976
973515566634823680
973516327871684608
973518232350003201
973518504136646657
973518540627050497
973518583761289225
973519237028372481
973519305756196865
973519743133954049
973519797978714112
973520188707545088
973520245489938432
973520263970082816
973520310090608641
973520426436476928
973521101400649734
973521172099813376
973522164363046913
973522735388229632
973522797879222272
973523635439718400
973523670319513600
973524478834622464
973524903461765120
973525039625596929
973525387929006080
973525492711084032
973526504423305216
973528055548276736
973528234552844289
973528683884367872
973529518240497664
973532415711887360
973532629537402882
973534702555447298
973535873252827136
973536941827244035
973537365753978887
973539274510417921
973540117720657921
973544279531339779
973545572555571202
973548466684112896
973553855827992577
973553880050143232
973557097932574725
973558986665426946
973559939552575493
973561018524807170
973563080692047873
973576682362687490
973596505868128256
973627610159710209
973632397303410688
973632421332570112
973632566153498624
973636982365609984
973637109037727745
973637279427133440
973637328924131328
973637593039384577
973638282742394880
973638370239934464
973643882956144640
973644179346567168
973645356771586048
973645670513967104
973645830115569664
973650387344400384
973651188364197888
973657934088495105
973658934811574272
973659092513271808
973659548039897088
973663438378450944
973663528849612800
973664346021638144
973667928578056192
973667933321703424
973668634148028417
973668672756621312
973668800674476032
973671245551030273
973672549065175040
973673248578682880
973673564036575232
973673923534454784
973674242062434304
973674770137935872
973675087713873920
973676387390275584
973676509427740672
973680616901296128
973681357472673793
973681937364611072
973683202828021760
973683310646902785
973683605426728960
973684023124873216
973684247142711296
973686934403915776
973689942529400833
973691660730183680
973691713939058688
973696637351608320
973697116177448960
973698539090984961
973698805492154368
973702297480921088
973702383002820609
973702748708327425
973703172899270659
973704077958787072
973707796599336960
973709329575526400
973709540276428800
973710207036547073
973711467571630081
973711718898544641
973711742688624640
973711807280852992
973712376305299456
973712535110090752
973712622510944258
973712691423363072
973713305737904128
973714523092758529
973714717611978752
973714934142877696
973715268550602752
973715643546480640
973715958647762944
973716048338812928
973716104991272960
973716114474598401
973716144983912449
973716198914322433
973716216320688128
973716584685449221
973716840508633090
973717003948081154
973717109153742848
973717277441847296
973717316788666368
973717480068689920
973717561224278017
973717717130739712
973718388244594689
973719151477796864
973719331182821376
973720963069038592
973721342699741184
973721406641811456
973721496441913344
973722344467279872
973724866305171456
973725039399878656
973725206064676865
973725381076205568
973725535208484864
973725805099364352
973725871075835904
973726435885039616
973726467593945088
973728259417374721
973728350098276353
973729441837821952
973729998614876161
973730811655610369
973732588408905728
973733262647468032
973733307128033280
973733724096380928
973733801510580224
973734037754855424
973734236975906817
973734565880643584
973735665752928256
973736748294418433
973736918302076928
973736974258380800
973737564262744064
973737937610272768
973738456726646784
973739131485356032
973740197492932608
973740505564696578
973742150784507904
973743455468859394
973744023465639936
973744518758461440
973744867217063936
973745581523980288
973745840735928321
973745961506783233
973746056486797312
973747277062795264
973751668679499776
973752468923342848
973752515769462785
973752568517091334
973754029862891521
973754880589361152
973755220994830341
973755368688959488
973755421369425920
973755662613098497
973755948928937985
973755959985152000
973756453004521473
973756702804750337
973757013447421952
973759369018933248
973759371321708549
973759780228546560
973759825518608385
973761738335125504
973762114056740864
973762338485690369
973762406932389889
973763829246042112
973763866701082624
973767347046502400
973768940080869376
973769312182845440
973770417608544256
973770932928970753
973774298132475910
973774472904953856
973775530507034624
973777071485997056
973777480644472834
973777526156922880
973780140676341763
973780804642930694
973782448193593344
973782522910912512
973782650027675649
973786504706347009
973787793121005569
973788385239289856
973788412430946305
973789451011940353
973789608457789440
973789719330017280
973789757221359619
973790997531516929
973791042305757185
973792641522511873
973792810406117376
973793577947095041
973793734356819969
973794351301255168
973794481333002242
973794733612064768
973794842395496450
973795097312727040
973795631025270786
973797101053399041
973799322637799426
973799846837710849
973800109157777408
973800236727656448
973800369615790080
973802404276776962
973802481716211712
973802889259966466
973803004892729344
973803276994048000
973804018735689728
973804035340894208
973804595410604032
973808276860211200
973808346578018307
973809584128307200
973810858760556545
973811641296056320
973819717587734528
973823161606209536
973825083683860480
973825231445024768
973829516358574080
973830831985872897
973831890129088513
973834381713399808
973834649658167296
973834688119918592
973834694805598210
973837057280757761
973837268581363712
973837953305841664
973838055948795905
973839761193492480
973840081785180162
973840244054417412
973841047129415680
973842113765888001
973842407153373184
973842813430374400
973845994059087872
973846490924826624
973846684647108608
973847022485741569
973847180749389824
973847622875140097
973848449601830912
973848937625866240
973849243633856512
973850103172575233
973851673540968449
973854416284495872
973854665627516928
973854716605227008
973854804895133696
973857978007789568
973858210598739968
973858526480146433
973858921218588672
973859500380667909
973860890586984448
973861573243453440
973862121304834048
973863081930473472
973863744290762753
973863951065694208
973864293744521216
973864856129433602
973865533476020224
973866042798698498
973866077523357696
973866841415106561
973866892082335744
973866965847560192
973866995501252608
973867015155867648
973867107304656896
973867150694694913
973867609908064256
973867803185897472
973867847653863425
973868228144332800
973868444054515713
973868928798572544
973869011355095040
973869231400927234
973869460669939712
973869741608640517
973871929630244865
973871964770123776
973872335215263744
973872358527328256
973873993265569792
973874277198934016
973874991929241600
973875235211558912
973875606558457856
973876085388652544
973878524791570433
973878877008179200
973879731379585025
973879785364496388
973881244994781184
973883039351693312
973883116090634244
973883189620981761
973884278277791745
973884520939139072
973885710120894465
973885821978779648
973886502135521280
973886539343147008
973886776254189568
973886809389191168
973888085082583040
973888175973085184
973888581650464769
973889945180844032
973892897186574337
973893529737940993
973893557885976576
973894927888236546
973894960498991112
973898282823950336
973899536493002753
973900175193223168
973901512400257024
973902458299695104
973903798367174656
973907849393795074
973908113026772992
973910675029344256
973913586144706560
973913646983032834
973939758362591232
973960476693479424
973964112584630272
973994008320946176
973994385300848640
973997427152728065
973998138129186816
973999409124990977
974005533135917056
974006231311380481
974006590540996608
974006616390492160
974006728592261120
974007144239398913
974009769093513216
974009903357378561
974010629185945600
974010664619397120
974010734270062592
974011580605112320
974012728724537344
974015638342533120
974017982413197313
974019594321936384
974022636656238592
974022774632017920
974024095493836800
974024123893428224
974024628916989952
974025373502472193
974025455744372736
974025499532906496
974025538858729473
974025573516197888
974025735298998272
974025804295192582
974026078686621696
974027412534013957
974027702452629504
974027774942834688
974028649102901248
974029971592167424
974030350098690049
974031560583163904
974031821804486656
974033327110766597
974033426889109504
974033633399853056
974033968398872576
974034045284708352
974034544004186113
974035299415273472
974036344501452800
974036895125483520
974038176967749632
974040523332661248
974040563535130625
974040600738541568
974040642887213056
974041424936058881
974041823843725312
974044206124560386
974045035111960576
974045204465385472
974046924264284160
974047250547486720
974048216831344641
974048881381015553
974049209790824448
974050562005114880
974052659056422912
974053666251407360
974058065593970688
974058350106177536
974058385715863552
974058796795379712
974058910121320448
974059038416650240
974059277487718401
974062076636246016
974062307532709888
974062410506973184
974062532351545345
974062853152948224
974062982001930240
974063067318243328
974063483028295680
974063852705890305
974064834688958465
974065846313132032
974065886163173377
974070285413396480
974072343956938752
974072423229239296
974074636261453825
974078339378954240
974080944658198528
974081168411803649
974081261726720001
974081290575073280
974081951937146881
974082586816389120
974082727224868864
974084069452431360
974084846354968576
974085518630662150
974085536200589312
974085560192008195
974085965961555968
974086281771737088
974086673079283712
974086761138671617
974087194368294912
974087237284503553
974087652159889408
974093651734245377
974094515509198848
974096377796952065
974097695102058496
974097818624258048
974097873624166400
974097895610724353
974098872120238082
974100222308769792
974101194070138880
974103336394747910
974104077188542464
974104479950716928
974104737028087808
974105048102846464
974105466744655873
974105492472541184
974105779144765440
974106625014317057
974106706505490432
974106731956482048
974106797224034304
974107053244399616
974107120315478016
974107183150374912
974107208337129473
974107248195547136
974107296564363264
974107343687368704
974107346409480192
974107650613944320
974107807090851840
974108550833188864
974108810087247872
974108991021174784
974109610943561729
974110060933668864
974110149131493376
974110188515966979
974110238918918144
974110297496563713
974111242737434624
974111715066486784
974111948806676481
974112031891599360
974112057804107777
974113395489177600
974113564901306368
974113612087218176
974113637546713088
974113652063141888
974113670752976896
974113777363775488
974113828727275520
974113976941297664
974114855404761089
974115211249504256
974115225929621504
974115441906876416
974116748977778689
974118574632574976
974121648897982464
974123859661045761
974124336167583744
974124517546065920
974126456073678848
974127232657473536
974127683431878656
974127772757983233
974127825438453760
974127974973718529
974127984025133056
974128773757939717
974130046230134784
974131926331097088
974132289796886528
974133017726746625
974138491956162560
974139240970731520
974139443392102400
974140194742976512
974140454194225154
974140478617567232
974140519893803014
974143872124076032
974146009948286976
974146485552955392
974149042639749120
974149122549735425
974149638054862848
974149991169081344
974150419961192448
974150681207521280
974150769682231299
974151018014375936
974152442915913729
974152605030014976
974154574335365121
974154760621191174
974156074877005824
974156943282466817
974157108261240832
974158106501431297
974159270060044288
974159350892654592
974159540915548161
974161654047948800
974161684196544513
974163882645188609
974164469436768256
974164905828925440
974164981997383680
974165092404097024
974166840451592192
974167350479011841
974167515067658241
974167612119646208
974167674350485504
974168606110986240
974169224598904832
974169494221332481
974169909558067201
974172330896183297
974173119014346752
974174172715745280
974174399002681344
974175150923894785
974177235245527040
974181776456167426
974182921484492800
974182987683184641
974183020549689344
974183168193454080
974183189231972355
974183214523625472
974183234954174469
974183690166263808
974183700882739200
974184418922323968
974185186073067520
974185709937475584
974186364378861568
974187822868344833
974188002762043393
974190310543650816
974191741069803520
974192887045939201
974193848489467904
974194728160804864
974194838039027712
974197585475878912
974199857060618240
974200861634080769
974202512050872320
974204972320440320
974205272666161152
974205903879659520
974207127706152963
974207634654965760
974207806424326144
974208005108461568
974209872555200512
974212111822811137
974213341248765953
974213348102258688
974213680601604097
974213992141897728
974214650018410496
974216642488975360
974219902688092160
974220099413356549
974220267667963904
974220448228548608
974223595193868288
974227224961343488
974227810335170560
974231344099266560
974231695397306368
974237864832647168
974238152356388864
974239047282409472
974239096016007168
974239449340035073
974240852338814976
974242173557223425
974242755021910016
974242905559678977
974242946479370242
974243064020549637
974243742541496320
974245433445789696
974245919041335296
974247828582121472
974248373917171713
974249607860400128
974257815622594560
974258786226466816
974259020738408448
974262609833746434
974266325378875392
974266363421245443
974270992427044864
974281449372348416
974282491388338176
974296703665762305
974297132059344897
974297187331948544
974297292164407299
974300413003362304
974308476611543040
974309546175873024
974331889031852032
974335155853713408
974347195326414849
974347644586700800
974353608568315906
974354312733208576
974354553486245888
974355652330930176
974355919382331393
974356478831161345
974363559931949056
974363624461410304
974365543959425024
974365619603689474
974365652180860929
974366439858610176
974367372646600705
974367548689956864
974367566075387904
974367620349620225
974367748535992320
974367813275066368
974367941192908800
974368231006748672
974368269946691584
974368702878511105
974371366152560640
974375640462868480
974375679289536512
974376000401190912
974376769590476800
974376873995075584
974377336693862400
974379230162173952
974379560996241408
974379580017422336
974380093941235712
974380193732222976
974380202636619776
974380397441122304
974380404500193280
974381768093581312
974381924679524352
974381996330835968
974382052920315904
974382222630256640
974382728022863872
974382890120224769
974383392618790912
974383479931596800
974384925250998277
974385566610481152
974385933364609024
974387334656417793
974388293876895744
974389890921086976
974390946975514624
974391005184114688
974391046867070976
974392152661803008
974392181241864195
974392414751277056
974393320192421888
974394312908726272
974394409679663105
974394983653376000
974395000376053760
974397799486840832
974397983734181888
974398716617502721
974399334090289152
974400191565479937
974400394418839552
974400586190700544
974403114798170112
974403400262606848
974403698586615808
974404876636626945
974405667980111872
974405891595255808
974406070150901760
974406112307920896
974406306458054656
974406691595812864
974407278207025152
974407395295166465
974407539105214464
974407605589192704
974408190753259520
974408697773371392
974409219318231040
974409274028773376
974409398234705920
974409643786043394
974409881003282433
974410421573570560
974411265056546816
974411326981226496
974411412226232320
974412393219420160
974412549109108737
974412606906671104
974414271588089856
974414269000204293
974414675772256256
974416612987084802
974419350223388673
974419544507695104
974419545673809922
974420358617956352
974420419640885250
974423793350279170
974425153231765504
974425174731669505
974426183893856256
974426247458516992
974427028010147841
974427081047076864
974427153755381765
974427417891786753
974429620056465408
974429709051183105
974429974764519424
974431293139124224
974433161965854721
974433216626016256
974434239423774720
974434306356424704
974435003378450432
974435005429555200
974435571677319168
974436243470630918
974436710334398464
974436802047000576
974436829981130752
974436978702794752
974437104313819136
974437149306048512
974437182503989248
974437251802308608
974437810307395584
974437832306536448
974437913390804992
974440483219939328
974440512697479168
974440584474603520
974440591877595138
974440596394754048
974440778909937665
974440840843034624
974440870471544832
974441985556676608
974442043274444800
974442141878435840
974444545495609345
974444565800210433
974445270795673600
974445657485225984
974445823378448384
974447322678493184
974447686907699200
974449575544029187
974450590330773504
974451374829199361
974451420823830528
974453362090393600
974453898344722432
974454075046576128
974455169776721920
974455758640234496
974462572794544128
974464547175067648
974464566842179586
974464590279884800
974464621611335680
974466514739904512
974468621207351296
974468788740485120
974469760921436160
974470213432324097
974470273884856321
974470775158681600
974472312337518592
974473497752739840
974474027413659648
974474135928631297
974474281345105921
974480115928154112
974480779777490944
974480802187657216
974480989303943168
974481029133041666
974481062783991808
974482519054737410
974482583160422400
974483591743746049
974485415703937024
974485805463777281
974486202576355328
974486378925850625
974486527098028032
974487796306948096
974488140940324864
974488473993232384
974489655813980161
974494073363996672
974498074528595968
974500717820981249
974501032251219968
974501088064815105
974501149196746752
974501194835025920
974501747363217408
974502438303510529
974503025023864832
974503181118926848
974503371997458438
974503400350957568
974505137103290373
974505319509368832
974508435092852737
974509996229591040
974510522535002112
974511015915212806
974511363203653633
974512009596170240
974514307512676352
974515013577658371
974515230158942208
974515726735228928
974516115077414914
974516141438648321
974516578946449409
974521382535966721
974521540426350595
974521886720737281
974523969322680320
974523991019827201
974524300668551169
974524340539604997
974524545364246528
974525066242277378
974525255187275777
974526902420480000
974529224508715008
974530295465525248
974530831757623296
974532595814776833
974532832990150656
974533799395475456
974535234375921665
974537126359388161
974542073968775170
974545767053500416
974545896682606592
974546608716103680
974547519299465216
974547592699760640
974549203027296256
974549263181955072
974549390000979969
974554317549051904
974556295289217026
974556402990460934
974558976628088833
974560601258119168
974560752802570241
974562376467951616
974563418886717441
974564984620441602
974565183644315648
974565206146785280
974565384949936129
974566569501081600
974566612165566464
974566629349646336
974566670483177472
974568008851992576
974569719372988417
974571121197514752
974571777778003968
974571865581563905
974572395464835072
974572435138752512
974573751089025025
974573909193273345
974575802325979137
974575899780702210
974576010422231040
974576165200396288
974577881983590401
974578046127632385
974579126609764352
974586652138946561
974589599539281920
974590300642406400
974590421870436352
974590464258015232
974590563436523520
974593424262336514
974594040556527616
974594434372259840
974594828188008449
974596534376439808
974598356231102470
974599776414064640
974601909515436032
974602038515388416
974608029025910784
974610029486551040
974610068200046593
974611948439400448
974616963560357888
974618700572536833
974624437390594050
974625756272779264
974627125478092800
974628430359625728
974629812038918144
974634493175672832
974634526751076352
974635066117664770
974635853505941504
974713436197154817
974716399942684672
974717822713516032
974719612448260096
974719661219635200
974723051844616192
974723449972187136
974724272953311233
974731171870289920
974733648061612032
974734131228696576
974734194424258560
974738842392522752
974738905630044160
974739037163421696
974739074937372672
974739120076369920
974739457541722112
974741283645214720
974742080542064640
974742682810531840
974743147350605824
974743347268112384
974743565245952000
974743999746523136
974744528513937408
974745099627257856
974747630910586880
974747945189781504
974749173936373760
974751079651934208
974752035001155584
974753504353923073
974756970036019200
974757120074702849
974757448106979328
974757608732045312
974758155006574595
974758417981169673
974758633400688640
974758704582021120
974759035277754368
974759341281570816
974759533225566208
974759713631080448
974761505009774593
974761516950962176
974762688835346433
974763173453611008
974763236678619137
974763406543659008
974766558487617537
974767358278451205
974768419894575104
974768545157365760
974768690926297090
974768778566234113
974769402280214529
974771039887478784
974771610077966336
974771875606745089
974771947497123840
974772467955777537
974773389041676288
974773506750660608
974773591148453888
974773700611293185
974775819259101184
974776989574823936
974777077294448640
974777091500556289
974777201387225089
974777269955608576
974778173186387974
974778490284261377
974778703228977152
974778773508784129
974779054174826496
974779325370085376
974779915525488640
974783143361130496
974783483141763074
974783614314426368
974783938362146816
974784047967645696
974785032307974144
974786398518587392
974787414643261440
974787898636554242
974788320667385856
974788934986170369
974789002636140544
974789187927855105
974789323814879232
974790393567916038
974792382448193538
974792793531998209
974793337021464577
974795606827851781
974795615723909120
974795917009104897
974795978204065792
974795977637818368
974796455876599808
974796646478483456
974797676385517569
974797793431715840
974800626918944768
974800943282704384
974801501724921856
974802387020820480
974803001775857665
974804601474920448
974805264300822528
974805491854409729
974805924224225280
974806270241730562
974806812812746752
974807600142282753
974809380297195520
974810307515199490
974810768058150912
974818028520030210
974818503369764864
974819357128671232
974820555122593792
974820579655106560
974820922510077953
974821872138207232
974823724183576576
974823763815538689
974827457080582144
974827559631273984
974828675454582784
974829721534910465
974831362652778496
974833369669234688
974833577392091136
974833806829010944
974833841486512128
974833993689387008
974834138992668673
974836750055964672
974836929291173889
974836933619625986
974837255532498944
974837673553641474
974840606429073408
974844342178275329
974847088780394496
974847136511664130
974848264041201665
974849705493520385
974853997776355329
974854202697465858
974854588560846848
974854635725844480
974856194228498432
974856607501664256
974857930888568832
974859039099113474
974860250405728257
974860413140574208
974861049810731008
974865409462689792
974867926120624129
974871409750040576
974871660112134144
974874016010792961
974874499752460288
974875430661402624
974877586139435008
974877692062441472
974882707560742912
974883016857198593
974883528390397952
974885081792749568
974885143721656321
974885529584943104
974885617254334464
974886082075549696
974886239064137728
974886715029520386
974889863903244288
974889996661346305
974890065112416256
974890581716475905
974890618945073153
974893267937472513
974893805584306176
974895853419732992
974895948043231232
974896544930349056
974896576551251968
974896698211237889
974897026595938310
974897034497896448
974897047068278784
974897400673320961
974897548782530560
974901678192312320
974902615405297664
974902732791283712
974902880833454080
974903894668066816
974906738024448000
974906822690717696
974907350157946880
974907622317989889
974908108282634240
974908383294730240
974908482053816320
974908670424186880
974908987836588033
974909091855265792
974910546905460736
974910631827587076
974910694746243072
974911715258150912
974912595093176320
974912810088939520
974912876379963393
974913138800803840
974915062203691008
974916581447774209
974920624685527042
974922747607330816
974928405652152321
974937188180754432
974937835236032513
974939449560727552
974939982140915712
974940020476854272
974940261984886784
974940612410527744
974941488579670016
974942592423964672
974943828820963328
974945017616769024
974946060660457474
974947054240714754
974950011879399425
974950766698876928
974953347441614848
974956014146437121
974960087964921856
974961232758194177
974962607563026433
974965499468509185
974970912939196416
974971590143180801
974973591094611968
974974061443874817
974975208489562112
974976897330262016
974981026882596864
974982999568662528
974989195847483393
974989535024173056
974989573762646016
974990071240671234
974990561156333569
974992079389536256
974996193007714305
974996521723678720
975008261530243074
975011789615153152
975032729866612736
975034816025382912
975035054349983747
975035151875899392
975090709752500224
975095175226642433
975100427363483648
975102757341298688
975102906717241344
975103114029092864
975103213400596480
975103435107282944
975103511456174080
975103531165167616
975105743266357248
975105788426334208
975108735361212416
975121632334290945
975121647253446656
975125012674838528
975125617308938240
975128033400037376
975128155127087104
975128180045447168
975132085722669056
975135718090555392
975140636629192704
975148924980768768
975153376731123717
975156094170423296
975156270880600064
975156625500598272
975156770103529473
975157990146719744
975158423355457536
975159239403425794
975159369191927808
975160330279043073
975161475063939072
975162277153333248
975170186264305664
975171622951829504
975174324691677185
975174388671700992
975175956733181952
975178310505267200
975178433314500608
975180116220248064
975180513135611904
975182675303579648
975182992254447616
975187297434968065
975188267376132096
975196649793339392
975197223381184512
975197802882990080
975200865031090176
975200925584207872
975204975566405633
975206125132853249
975206698221584387
975207764443086849
975207804473507840
975208105234452480
975208123592990723
975208166853001217
975208264982978560
975209110902792192
975212448692158464
975212645690195969
975213702675755008
975213813099216897
975213929461772288
975215027245301761
975215556973309952
975223451219738624
975224018142769152
975224905112236032
975225038314995712
975226166389829632
975226628111450113
975227348512522241
975228153240027136
975228402033557504
975228478311120898
975230236949331968
975233816951275521
975236081212735488
975236153946251264
975242998064689152
975246479609683969
975248316219850752
975248834845536257
975251787056738304
975251862520676352
975253136880189441
975254421876629506
975270183328669696
975283465758257152
975289668936785920
975292137506877441
975292927885787137
975293003240624128
975293581404483587
975293904764395521
975294892774576138
975297885636984832
975307692624437249
975310789128044545
975321739755274241
975322399167062016
975326316349173760
975326914775719938
975327182883966977
975327261401350144
975327305634492416
975331512026476546
975331771330867201
975336978378969088
975337237356298240
975350271181176833
975351450355122176
975357538148298757
975364143485140992
975364465997705217
975365876596666368
975366236606312448
975367745326870528
975378355305500672
975386420276641792
975405817091403776
975458144716378112
975468253601394688
975480933460488192
975489364103856128
975489635278209024
975489895367000064
975490661976649728
975491840404201473
975497622944280576
975498646488719360
975501053822058496
975503687735853056
975504835486236672
975504950766714880
975505019070947328
975506573433819137
975508193433415681
975508261792243712
975508724717506560
975509212183670789
975509383802048512
975510699337244673
975511071728418816
975517985140977664
975520221871054850
975520452645810176
975524156274913280
975528280634699776
975531424374702080
975531851031838720
975533617127436288
975539645759959040
975541553312641024
975542312552996864
975543147190149120
975543563005018113
975545849441787905
975546004068970496
975550272083705857
975550553009799168
975553615187210242
975562171701538817
975563767252598784
975566148035997696
975568324435193856
975569104626008065
975570361432530944
975573982157029377
975579266438938624
975581651102179328
975586537499799552
975586587965714432
975586834959880192
975586882682740736
975591634158043136
975591708518838272
975594855903580160
975597194622394375
975598315076136960
975601217496694784
975602856387489792
975603462409830401
975604091094093824
975604282140499969
975604295675465728
975604361719037953
975605276777750528
975605560056803328
975606418219745281
975609059842842625
975609679903518720
975612470965411841
975614596865187840
975614875442409472
975615286584979456
975620003155271680
975620748504023040
975621352722915328
975623793807732736
975623907825786881
975628549611597824
975631991604355072
975632559613849600
975633768001228801
975634096624840704
975642391481786368
975642607710695424
975645248226406400
975647838062313472
975647990672121856
975648272214777856
975650165586460672
975652099403931648
975656639775690753
975658200807567361
975661564903677952
975661911059517441
975666045657624576
975669027707092992
975670217006174208
975670862404730880
975670891785814016
975670975516753920
975671199802966017
975683902340718593
975688515643105281
975688550007021569
975688895911243776
975688991990165504
975689149691846656
975689710147268608
975689796717694976
975693564595154944
975694216947843072
975694821036736512
975696479863021569
975697842743345153
975697965854552064
975700500967448576
975702876881223680
975705537928048640
975710840773996544
975710883786600454
975720833896230913
975722287675588608
975723188482011136
975723863802658816
975725734869090304
975762308096966657
975762900114690049
975773959508537344
975775263974875136
975820243518963712
975826835664547840
975838655116853248
975840773773012993
975841133577191426
975841397000384512
975841905954009088
975842669342507008
975843711497093120
975846879111073793
975850173891932161
975855602734743552
975856051265261568
975858933490335744
975860815399075841
975860974715465728
975862717616553985
975867748625432577
975868889761378305
975868957121916928
975869032430690304
975869873216737282
975870118759563264
975881030329516032
975886903642746880
975887174590545920
975889162728628224
975892340685459457
975892460080541697
975892694173011968
975893088412422144
975894320891936769
975894476072804352
975911666813579264
975912624385802246
975913032009228289
975913588517830656
975915845443510272
975916165582110720
975921061882609664
975925437791551488
975926473927286786
975926503161516032
975927009883832320
975931983011303424
975933856262995970
975935555027460096
975936290112745472
975936299663114240
975937645049102337
975937923785801728
975938570144833536
975939564232630272
975943242486132737
975948716229115904
975949310918471686
975950422413201408
975951460016865280
975952821211119617
975955993929572352
975958147675209728
975961285194952705
975963624672935936
975963930664189952
975965543944433664
975966241440464896
975973852193857536
975982347735654400
975984269087485952
975990144376356864
975991192721608704
975991608834342912
975994018671747072
975995709177475072
975997431417528321
976002297099513856
976003703898390528
976028194829582336
976029825700847617
976042689157214208
976044225383968769
976045728869990400
976046944882630661
976047035898986496
976048173272547329
976048428764430336
976049230111375365
976049943277314048
976049995592814592
976050108952297474
976050147254665217
976050646322372608
976050726995681280
976050929068785664
976051437137313792
976054792295350272
976056182665224194
976058348473761792
976064661769486337
